{
 "cells": [
  {
   "cell_type": "code",
   "execution_count": 2,
   "metadata": {},
   "outputs": [],
   "source": [
    "import numpy as np\n",
    "import pandas as pd\n",
    "from sklearn.preprocessing import StandardScaler\n",
    "\n",
    "train = pd.read_csv('train.csv', index_col=0)\n",
    "test = pd.read_csv('test.csv', index_col=0)\n",
    "sample_submission = pd.read_csv('sample_submission.csv', index_col=0)\n",
    "scaler = StandardScaler()"
   ]
  },
  {
   "cell_type": "code",
   "execution_count": 3,
   "metadata": {},
   "outputs": [
    {
     "data": {
      "text/html": [
       "<div>\n",
       "<style scoped>\n",
       "    .dataframe tbody tr th:only-of-type {\n",
       "        vertical-align: middle;\n",
       "    }\n",
       "\n",
       "    .dataframe tbody tr th {\n",
       "        vertical-align: top;\n",
       "    }\n",
       "\n",
       "    .dataframe thead th {\n",
       "        text-align: right;\n",
       "    }\n",
       "</style>\n",
       "<table border=\"1\" class=\"dataframe\">\n",
       "  <thead>\n",
       "    <tr style=\"text-align: right;\">\n",
       "      <th></th>\n",
       "      <th>fiberID</th>\n",
       "      <th>psfMag_u</th>\n",
       "      <th>psfMag_g</th>\n",
       "      <th>psfMag_r</th>\n",
       "      <th>psfMag_i</th>\n",
       "      <th>psfMag_z</th>\n",
       "      <th>fiberMag_u</th>\n",
       "      <th>fiberMag_g</th>\n",
       "      <th>fiberMag_r</th>\n",
       "      <th>fiberMag_i</th>\n",
       "      <th>...</th>\n",
       "      <th>petroMag_u</th>\n",
       "      <th>petroMag_g</th>\n",
       "      <th>petroMag_r</th>\n",
       "      <th>petroMag_i</th>\n",
       "      <th>petroMag_z</th>\n",
       "      <th>modelMag_u</th>\n",
       "      <th>modelMag_g</th>\n",
       "      <th>modelMag_r</th>\n",
       "      <th>modelMag_i</th>\n",
       "      <th>modelMag_z</th>\n",
       "    </tr>\n",
       "  </thead>\n",
       "  <tbody>\n",
       "    <tr>\n",
       "      <th>fiberID</th>\n",
       "      <td>1.000000</td>\n",
       "      <td>0.002673</td>\n",
       "      <td>0.003424</td>\n",
       "      <td>0.001901</td>\n",
       "      <td>0.004731</td>\n",
       "      <td>0.004108</td>\n",
       "      <td>0.002785</td>\n",
       "      <td>0.000951</td>\n",
       "      <td>0.004014</td>\n",
       "      <td>0.004143</td>\n",
       "      <td>...</td>\n",
       "      <td>-0.000519</td>\n",
       "      <td>0.003111</td>\n",
       "      <td>0.002913</td>\n",
       "      <td>0.004261</td>\n",
       "      <td>0.001998</td>\n",
       "      <td>0.002441</td>\n",
       "      <td>0.003299</td>\n",
       "      <td>0.003050</td>\n",
       "      <td>0.005851</td>\n",
       "      <td>0.004217</td>\n",
       "    </tr>\n",
       "    <tr>\n",
       "      <th>psfMag_u</th>\n",
       "      <td>0.002673</td>\n",
       "      <td>1.000000</td>\n",
       "      <td>0.007163</td>\n",
       "      <td>0.008022</td>\n",
       "      <td>0.008373</td>\n",
       "      <td>0.007613</td>\n",
       "      <td>0.999612</td>\n",
       "      <td>0.001737</td>\n",
       "      <td>0.005493</td>\n",
       "      <td>0.007417</td>\n",
       "      <td>...</td>\n",
       "      <td>-0.844577</td>\n",
       "      <td>0.006210</td>\n",
       "      <td>0.007035</td>\n",
       "      <td>0.005979</td>\n",
       "      <td>0.006911</td>\n",
       "      <td>0.005475</td>\n",
       "      <td>0.005218</td>\n",
       "      <td>0.006855</td>\n",
       "      <td>0.006553</td>\n",
       "      <td>0.009054</td>\n",
       "    </tr>\n",
       "    <tr>\n",
       "      <th>psfMag_g</th>\n",
       "      <td>0.003424</td>\n",
       "      <td>0.007163</td>\n",
       "      <td>1.000000</td>\n",
       "      <td>0.656575</td>\n",
       "      <td>0.675570</td>\n",
       "      <td>0.529464</td>\n",
       "      <td>0.018975</td>\n",
       "      <td>0.147544</td>\n",
       "      <td>0.246507</td>\n",
       "      <td>0.479143</td>\n",
       "      <td>...</td>\n",
       "      <td>0.132693</td>\n",
       "      <td>0.611664</td>\n",
       "      <td>0.139764</td>\n",
       "      <td>0.489554</td>\n",
       "      <td>0.458087</td>\n",
       "      <td>0.211310</td>\n",
       "      <td>0.485867</td>\n",
       "      <td>0.637270</td>\n",
       "      <td>0.424497</td>\n",
       "      <td>0.624421</td>\n",
       "    </tr>\n",
       "    <tr>\n",
       "      <th>psfMag_r</th>\n",
       "      <td>0.001901</td>\n",
       "      <td>0.008022</td>\n",
       "      <td>0.656575</td>\n",
       "      <td>1.000000</td>\n",
       "      <td>0.537715</td>\n",
       "      <td>0.451904</td>\n",
       "      <td>0.013608</td>\n",
       "      <td>0.120586</td>\n",
       "      <td>0.350773</td>\n",
       "      <td>0.498966</td>\n",
       "      <td>...</td>\n",
       "      <td>0.118255</td>\n",
       "      <td>0.535407</td>\n",
       "      <td>0.487657</td>\n",
       "      <td>0.449181</td>\n",
       "      <td>0.677228</td>\n",
       "      <td>0.450860</td>\n",
       "      <td>0.550238</td>\n",
       "      <td>0.516004</td>\n",
       "      <td>0.590266</td>\n",
       "      <td>0.538881</td>\n",
       "    </tr>\n",
       "    <tr>\n",
       "      <th>psfMag_i</th>\n",
       "      <td>0.004731</td>\n",
       "      <td>0.008373</td>\n",
       "      <td>0.675570</td>\n",
       "      <td>0.537715</td>\n",
       "      <td>1.000000</td>\n",
       "      <td>0.648709</td>\n",
       "      <td>0.018252</td>\n",
       "      <td>0.134389</td>\n",
       "      <td>0.352580</td>\n",
       "      <td>0.505415</td>\n",
       "      <td>...</td>\n",
       "      <td>0.110858</td>\n",
       "      <td>0.682430</td>\n",
       "      <td>0.471127</td>\n",
       "      <td>0.523036</td>\n",
       "      <td>0.363586</td>\n",
       "      <td>0.557699</td>\n",
       "      <td>0.452765</td>\n",
       "      <td>0.523340</td>\n",
       "      <td>0.581413</td>\n",
       "      <td>0.640439</td>\n",
       "    </tr>\n",
       "    <tr>\n",
       "      <th>psfMag_z</th>\n",
       "      <td>0.004108</td>\n",
       "      <td>0.007613</td>\n",
       "      <td>0.529464</td>\n",
       "      <td>0.451904</td>\n",
       "      <td>0.648709</td>\n",
       "      <td>1.000000</td>\n",
       "      <td>0.018465</td>\n",
       "      <td>0.121613</td>\n",
       "      <td>0.302411</td>\n",
       "      <td>0.557741</td>\n",
       "      <td>...</td>\n",
       "      <td>0.141354</td>\n",
       "      <td>0.586643</td>\n",
       "      <td>0.552653</td>\n",
       "      <td>0.657507</td>\n",
       "      <td>0.419934</td>\n",
       "      <td>0.311835</td>\n",
       "      <td>0.448141</td>\n",
       "      <td>0.347738</td>\n",
       "      <td>0.658930</td>\n",
       "      <td>0.628597</td>\n",
       "    </tr>\n",
       "    <tr>\n",
       "      <th>fiberMag_u</th>\n",
       "      <td>0.002785</td>\n",
       "      <td>0.999612</td>\n",
       "      <td>0.018975</td>\n",
       "      <td>0.013608</td>\n",
       "      <td>0.018252</td>\n",
       "      <td>0.018465</td>\n",
       "      <td>1.000000</td>\n",
       "      <td>0.003690</td>\n",
       "      <td>0.002805</td>\n",
       "      <td>0.016168</td>\n",
       "      <td>...</td>\n",
       "      <td>-0.841471</td>\n",
       "      <td>0.017214</td>\n",
       "      <td>0.012957</td>\n",
       "      <td>0.015468</td>\n",
       "      <td>0.007720</td>\n",
       "      <td>0.013842</td>\n",
       "      <td>0.014747</td>\n",
       "      <td>0.020647</td>\n",
       "      <td>0.007937</td>\n",
       "      <td>0.018597</td>\n",
       "    </tr>\n",
       "    <tr>\n",
       "      <th>fiberMag_g</th>\n",
       "      <td>0.000951</td>\n",
       "      <td>0.001737</td>\n",
       "      <td>0.147544</td>\n",
       "      <td>0.120586</td>\n",
       "      <td>0.134389</td>\n",
       "      <td>0.121613</td>\n",
       "      <td>0.003690</td>\n",
       "      <td>1.000000</td>\n",
       "      <td>0.063919</td>\n",
       "      <td>0.119069</td>\n",
       "      <td>...</td>\n",
       "      <td>0.028254</td>\n",
       "      <td>0.109501</td>\n",
       "      <td>0.066799</td>\n",
       "      <td>0.109731</td>\n",
       "      <td>0.099121</td>\n",
       "      <td>0.101207</td>\n",
       "      <td>0.112340</td>\n",
       "      <td>0.090383</td>\n",
       "      <td>0.099054</td>\n",
       "      <td>0.139623</td>\n",
       "    </tr>\n",
       "    <tr>\n",
       "      <th>fiberMag_r</th>\n",
       "      <td>0.004014</td>\n",
       "      <td>0.005493</td>\n",
       "      <td>0.246507</td>\n",
       "      <td>0.350773</td>\n",
       "      <td>0.352580</td>\n",
       "      <td>0.302411</td>\n",
       "      <td>0.002805</td>\n",
       "      <td>0.063919</td>\n",
       "      <td>1.000000</td>\n",
       "      <td>0.492312</td>\n",
       "      <td>...</td>\n",
       "      <td>0.086974</td>\n",
       "      <td>0.426770</td>\n",
       "      <td>0.171021</td>\n",
       "      <td>0.225000</td>\n",
       "      <td>0.012828</td>\n",
       "      <td>0.333907</td>\n",
       "      <td>0.411668</td>\n",
       "      <td>0.273085</td>\n",
       "      <td>0.485412</td>\n",
       "      <td>0.330141</td>\n",
       "    </tr>\n",
       "    <tr>\n",
       "      <th>fiberMag_i</th>\n",
       "      <td>0.004143</td>\n",
       "      <td>0.007417</td>\n",
       "      <td>0.479143</td>\n",
       "      <td>0.498966</td>\n",
       "      <td>0.505415</td>\n",
       "      <td>0.557741</td>\n",
       "      <td>0.016168</td>\n",
       "      <td>0.119069</td>\n",
       "      <td>0.492312</td>\n",
       "      <td>1.000000</td>\n",
       "      <td>...</td>\n",
       "      <td>0.101201</td>\n",
       "      <td>0.552945</td>\n",
       "      <td>0.438867</td>\n",
       "      <td>0.521864</td>\n",
       "      <td>0.124149</td>\n",
       "      <td>0.435159</td>\n",
       "      <td>0.469454</td>\n",
       "      <td>0.585379</td>\n",
       "      <td>0.432930</td>\n",
       "      <td>0.604043</td>\n",
       "    </tr>\n",
       "    <tr>\n",
       "      <th>fiberMag_z</th>\n",
       "      <td>0.004074</td>\n",
       "      <td>0.005179</td>\n",
       "      <td>0.376652</td>\n",
       "      <td>0.378253</td>\n",
       "      <td>0.385155</td>\n",
       "      <td>0.535643</td>\n",
       "      <td>0.013710</td>\n",
       "      <td>0.062515</td>\n",
       "      <td>0.340019</td>\n",
       "      <td>0.507972</td>\n",
       "      <td>...</td>\n",
       "      <td>0.104502</td>\n",
       "      <td>0.401246</td>\n",
       "      <td>0.401755</td>\n",
       "      <td>0.584127</td>\n",
       "      <td>0.138575</td>\n",
       "      <td>0.388380</td>\n",
       "      <td>0.070946</td>\n",
       "      <td>0.468913</td>\n",
       "      <td>0.507037</td>\n",
       "      <td>0.510494</td>\n",
       "    </tr>\n",
       "    <tr>\n",
       "      <th>petroMag_u</th>\n",
       "      <td>-0.000519</td>\n",
       "      <td>-0.844577</td>\n",
       "      <td>0.132693</td>\n",
       "      <td>0.118255</td>\n",
       "      <td>0.110858</td>\n",
       "      <td>0.141354</td>\n",
       "      <td>-0.841471</td>\n",
       "      <td>0.028254</td>\n",
       "      <td>0.086974</td>\n",
       "      <td>0.101201</td>\n",
       "      <td>...</td>\n",
       "      <td>1.000000</td>\n",
       "      <td>0.098860</td>\n",
       "      <td>0.065375</td>\n",
       "      <td>0.079941</td>\n",
       "      <td>0.095449</td>\n",
       "      <td>0.063122</td>\n",
       "      <td>0.094933</td>\n",
       "      <td>0.108172</td>\n",
       "      <td>0.111249</td>\n",
       "      <td>0.139679</td>\n",
       "    </tr>\n",
       "    <tr>\n",
       "      <th>petroMag_g</th>\n",
       "      <td>0.003111</td>\n",
       "      <td>0.006210</td>\n",
       "      <td>0.611664</td>\n",
       "      <td>0.535407</td>\n",
       "      <td>0.682430</td>\n",
       "      <td>0.586643</td>\n",
       "      <td>0.017214</td>\n",
       "      <td>0.109501</td>\n",
       "      <td>0.426770</td>\n",
       "      <td>0.552945</td>\n",
       "      <td>...</td>\n",
       "      <td>0.098860</td>\n",
       "      <td>1.000000</td>\n",
       "      <td>0.407871</td>\n",
       "      <td>0.313798</td>\n",
       "      <td>0.271948</td>\n",
       "      <td>0.527022</td>\n",
       "      <td>0.608851</td>\n",
       "      <td>0.473778</td>\n",
       "      <td>0.634342</td>\n",
       "      <td>0.680767</td>\n",
       "    </tr>\n",
       "    <tr>\n",
       "      <th>petroMag_r</th>\n",
       "      <td>0.002913</td>\n",
       "      <td>0.007035</td>\n",
       "      <td>0.139764</td>\n",
       "      <td>0.487657</td>\n",
       "      <td>0.471127</td>\n",
       "      <td>0.552653</td>\n",
       "      <td>0.012957</td>\n",
       "      <td>0.066799</td>\n",
       "      <td>0.171021</td>\n",
       "      <td>0.438867</td>\n",
       "      <td>...</td>\n",
       "      <td>0.065375</td>\n",
       "      <td>0.407871</td>\n",
       "      <td>1.000000</td>\n",
       "      <td>0.425196</td>\n",
       "      <td>0.390145</td>\n",
       "      <td>0.548064</td>\n",
       "      <td>0.455416</td>\n",
       "      <td>0.199617</td>\n",
       "      <td>0.510208</td>\n",
       "      <td>0.316285</td>\n",
       "    </tr>\n",
       "    <tr>\n",
       "      <th>petroMag_i</th>\n",
       "      <td>0.004261</td>\n",
       "      <td>0.005979</td>\n",
       "      <td>0.489554</td>\n",
       "      <td>0.449181</td>\n",
       "      <td>0.523036</td>\n",
       "      <td>0.657507</td>\n",
       "      <td>0.015468</td>\n",
       "      <td>0.109731</td>\n",
       "      <td>0.225000</td>\n",
       "      <td>0.521864</td>\n",
       "      <td>...</td>\n",
       "      <td>0.079941</td>\n",
       "      <td>0.313798</td>\n",
       "      <td>0.425196</td>\n",
       "      <td>1.000000</td>\n",
       "      <td>0.252925</td>\n",
       "      <td>0.388910</td>\n",
       "      <td>0.372597</td>\n",
       "      <td>0.280463</td>\n",
       "      <td>0.459169</td>\n",
       "      <td>0.353458</td>\n",
       "    </tr>\n",
       "    <tr>\n",
       "      <th>petroMag_z</th>\n",
       "      <td>0.001998</td>\n",
       "      <td>0.006911</td>\n",
       "      <td>0.458087</td>\n",
       "      <td>0.677228</td>\n",
       "      <td>0.363586</td>\n",
       "      <td>0.419934</td>\n",
       "      <td>0.007720</td>\n",
       "      <td>0.099121</td>\n",
       "      <td>0.012828</td>\n",
       "      <td>0.124149</td>\n",
       "      <td>...</td>\n",
       "      <td>0.095449</td>\n",
       "      <td>0.271948</td>\n",
       "      <td>0.390145</td>\n",
       "      <td>0.252925</td>\n",
       "      <td>1.000000</td>\n",
       "      <td>0.317833</td>\n",
       "      <td>0.352060</td>\n",
       "      <td>0.231071</td>\n",
       "      <td>0.310316</td>\n",
       "      <td>0.563085</td>\n",
       "    </tr>\n",
       "    <tr>\n",
       "      <th>modelMag_u</th>\n",
       "      <td>0.002441</td>\n",
       "      <td>0.005475</td>\n",
       "      <td>0.211310</td>\n",
       "      <td>0.450860</td>\n",
       "      <td>0.557699</td>\n",
       "      <td>0.311835</td>\n",
       "      <td>0.013842</td>\n",
       "      <td>0.101207</td>\n",
       "      <td>0.333907</td>\n",
       "      <td>0.435159</td>\n",
       "      <td>...</td>\n",
       "      <td>0.063122</td>\n",
       "      <td>0.527022</td>\n",
       "      <td>0.548064</td>\n",
       "      <td>0.388910</td>\n",
       "      <td>0.317833</td>\n",
       "      <td>1.000000</td>\n",
       "      <td>0.405396</td>\n",
       "      <td>0.278893</td>\n",
       "      <td>0.434335</td>\n",
       "      <td>0.447959</td>\n",
       "    </tr>\n",
       "    <tr>\n",
       "      <th>modelMag_g</th>\n",
       "      <td>0.003299</td>\n",
       "      <td>0.005218</td>\n",
       "      <td>0.485867</td>\n",
       "      <td>0.550238</td>\n",
       "      <td>0.452765</td>\n",
       "      <td>0.448141</td>\n",
       "      <td>0.014747</td>\n",
       "      <td>0.112340</td>\n",
       "      <td>0.411668</td>\n",
       "      <td>0.469454</td>\n",
       "      <td>...</td>\n",
       "      <td>0.094933</td>\n",
       "      <td>0.608851</td>\n",
       "      <td>0.455416</td>\n",
       "      <td>0.372597</td>\n",
       "      <td>0.352060</td>\n",
       "      <td>0.405396</td>\n",
       "      <td>1.000000</td>\n",
       "      <td>0.360485</td>\n",
       "      <td>0.495140</td>\n",
       "      <td>0.338584</td>\n",
       "    </tr>\n",
       "    <tr>\n",
       "      <th>modelMag_r</th>\n",
       "      <td>0.003050</td>\n",
       "      <td>0.006855</td>\n",
       "      <td>0.637270</td>\n",
       "      <td>0.516004</td>\n",
       "      <td>0.523340</td>\n",
       "      <td>0.347738</td>\n",
       "      <td>0.020647</td>\n",
       "      <td>0.090383</td>\n",
       "      <td>0.273085</td>\n",
       "      <td>0.585379</td>\n",
       "      <td>...</td>\n",
       "      <td>0.108172</td>\n",
       "      <td>0.473778</td>\n",
       "      <td>0.199617</td>\n",
       "      <td>0.280463</td>\n",
       "      <td>0.231071</td>\n",
       "      <td>0.278893</td>\n",
       "      <td>0.360485</td>\n",
       "      <td>1.000000</td>\n",
       "      <td>0.171950</td>\n",
       "      <td>0.520798</td>\n",
       "    </tr>\n",
       "    <tr>\n",
       "      <th>modelMag_i</th>\n",
       "      <td>0.005851</td>\n",
       "      <td>0.006553</td>\n",
       "      <td>0.424497</td>\n",
       "      <td>0.590266</td>\n",
       "      <td>0.581413</td>\n",
       "      <td>0.658930</td>\n",
       "      <td>0.007937</td>\n",
       "      <td>0.099054</td>\n",
       "      <td>0.485412</td>\n",
       "      <td>0.432930</td>\n",
       "      <td>...</td>\n",
       "      <td>0.111249</td>\n",
       "      <td>0.634342</td>\n",
       "      <td>0.510208</td>\n",
       "      <td>0.459169</td>\n",
       "      <td>0.310316</td>\n",
       "      <td>0.434335</td>\n",
       "      <td>0.495140</td>\n",
       "      <td>0.171950</td>\n",
       "      <td>1.000000</td>\n",
       "      <td>0.439850</td>\n",
       "    </tr>\n",
       "    <tr>\n",
       "      <th>modelMag_z</th>\n",
       "      <td>0.004217</td>\n",
       "      <td>0.009054</td>\n",
       "      <td>0.624421</td>\n",
       "      <td>0.538881</td>\n",
       "      <td>0.640439</td>\n",
       "      <td>0.628597</td>\n",
       "      <td>0.018597</td>\n",
       "      <td>0.139623</td>\n",
       "      <td>0.330141</td>\n",
       "      <td>0.604043</td>\n",
       "      <td>...</td>\n",
       "      <td>0.139679</td>\n",
       "      <td>0.680767</td>\n",
       "      <td>0.316285</td>\n",
       "      <td>0.353458</td>\n",
       "      <td>0.563085</td>\n",
       "      <td>0.447959</td>\n",
       "      <td>0.338584</td>\n",
       "      <td>0.520798</td>\n",
       "      <td>0.439850</td>\n",
       "      <td>1.000000</td>\n",
       "    </tr>\n",
       "  </tbody>\n",
       "</table>\n",
       "<p>21 rows × 21 columns</p>\n",
       "</div>"
      ],
      "text/plain": [
       "             fiberID  psfMag_u  psfMag_g  psfMag_r  psfMag_i  psfMag_z  \\\n",
       "fiberID     1.000000  0.002673  0.003424  0.001901  0.004731  0.004108   \n",
       "psfMag_u    0.002673  1.000000  0.007163  0.008022  0.008373  0.007613   \n",
       "psfMag_g    0.003424  0.007163  1.000000  0.656575  0.675570  0.529464   \n",
       "psfMag_r    0.001901  0.008022  0.656575  1.000000  0.537715  0.451904   \n",
       "psfMag_i    0.004731  0.008373  0.675570  0.537715  1.000000  0.648709   \n",
       "psfMag_z    0.004108  0.007613  0.529464  0.451904  0.648709  1.000000   \n",
       "fiberMag_u  0.002785  0.999612  0.018975  0.013608  0.018252  0.018465   \n",
       "fiberMag_g  0.000951  0.001737  0.147544  0.120586  0.134389  0.121613   \n",
       "fiberMag_r  0.004014  0.005493  0.246507  0.350773  0.352580  0.302411   \n",
       "fiberMag_i  0.004143  0.007417  0.479143  0.498966  0.505415  0.557741   \n",
       "fiberMag_z  0.004074  0.005179  0.376652  0.378253  0.385155  0.535643   \n",
       "petroMag_u -0.000519 -0.844577  0.132693  0.118255  0.110858  0.141354   \n",
       "petroMag_g  0.003111  0.006210  0.611664  0.535407  0.682430  0.586643   \n",
       "petroMag_r  0.002913  0.007035  0.139764  0.487657  0.471127  0.552653   \n",
       "petroMag_i  0.004261  0.005979  0.489554  0.449181  0.523036  0.657507   \n",
       "petroMag_z  0.001998  0.006911  0.458087  0.677228  0.363586  0.419934   \n",
       "modelMag_u  0.002441  0.005475  0.211310  0.450860  0.557699  0.311835   \n",
       "modelMag_g  0.003299  0.005218  0.485867  0.550238  0.452765  0.448141   \n",
       "modelMag_r  0.003050  0.006855  0.637270  0.516004  0.523340  0.347738   \n",
       "modelMag_i  0.005851  0.006553  0.424497  0.590266  0.581413  0.658930   \n",
       "modelMag_z  0.004217  0.009054  0.624421  0.538881  0.640439  0.628597   \n",
       "\n",
       "            fiberMag_u  fiberMag_g  fiberMag_r  fiberMag_i  ...  petroMag_u  \\\n",
       "fiberID       0.002785    0.000951    0.004014    0.004143  ...   -0.000519   \n",
       "psfMag_u      0.999612    0.001737    0.005493    0.007417  ...   -0.844577   \n",
       "psfMag_g      0.018975    0.147544    0.246507    0.479143  ...    0.132693   \n",
       "psfMag_r      0.013608    0.120586    0.350773    0.498966  ...    0.118255   \n",
       "psfMag_i      0.018252    0.134389    0.352580    0.505415  ...    0.110858   \n",
       "psfMag_z      0.018465    0.121613    0.302411    0.557741  ...    0.141354   \n",
       "fiberMag_u    1.000000    0.003690    0.002805    0.016168  ...   -0.841471   \n",
       "fiberMag_g    0.003690    1.000000    0.063919    0.119069  ...    0.028254   \n",
       "fiberMag_r    0.002805    0.063919    1.000000    0.492312  ...    0.086974   \n",
       "fiberMag_i    0.016168    0.119069    0.492312    1.000000  ...    0.101201   \n",
       "fiberMag_z    0.013710    0.062515    0.340019    0.507972  ...    0.104502   \n",
       "petroMag_u   -0.841471    0.028254    0.086974    0.101201  ...    1.000000   \n",
       "petroMag_g    0.017214    0.109501    0.426770    0.552945  ...    0.098860   \n",
       "petroMag_r    0.012957    0.066799    0.171021    0.438867  ...    0.065375   \n",
       "petroMag_i    0.015468    0.109731    0.225000    0.521864  ...    0.079941   \n",
       "petroMag_z    0.007720    0.099121    0.012828    0.124149  ...    0.095449   \n",
       "modelMag_u    0.013842    0.101207    0.333907    0.435159  ...    0.063122   \n",
       "modelMag_g    0.014747    0.112340    0.411668    0.469454  ...    0.094933   \n",
       "modelMag_r    0.020647    0.090383    0.273085    0.585379  ...    0.108172   \n",
       "modelMag_i    0.007937    0.099054    0.485412    0.432930  ...    0.111249   \n",
       "modelMag_z    0.018597    0.139623    0.330141    0.604043  ...    0.139679   \n",
       "\n",
       "            petroMag_g  petroMag_r  petroMag_i  petroMag_z  modelMag_u  \\\n",
       "fiberID       0.003111    0.002913    0.004261    0.001998    0.002441   \n",
       "psfMag_u      0.006210    0.007035    0.005979    0.006911    0.005475   \n",
       "psfMag_g      0.611664    0.139764    0.489554    0.458087    0.211310   \n",
       "psfMag_r      0.535407    0.487657    0.449181    0.677228    0.450860   \n",
       "psfMag_i      0.682430    0.471127    0.523036    0.363586    0.557699   \n",
       "psfMag_z      0.586643    0.552653    0.657507    0.419934    0.311835   \n",
       "fiberMag_u    0.017214    0.012957    0.015468    0.007720    0.013842   \n",
       "fiberMag_g    0.109501    0.066799    0.109731    0.099121    0.101207   \n",
       "fiberMag_r    0.426770    0.171021    0.225000    0.012828    0.333907   \n",
       "fiberMag_i    0.552945    0.438867    0.521864    0.124149    0.435159   \n",
       "fiberMag_z    0.401246    0.401755    0.584127    0.138575    0.388380   \n",
       "petroMag_u    0.098860    0.065375    0.079941    0.095449    0.063122   \n",
       "petroMag_g    1.000000    0.407871    0.313798    0.271948    0.527022   \n",
       "petroMag_r    0.407871    1.000000    0.425196    0.390145    0.548064   \n",
       "petroMag_i    0.313798    0.425196    1.000000    0.252925    0.388910   \n",
       "petroMag_z    0.271948    0.390145    0.252925    1.000000    0.317833   \n",
       "modelMag_u    0.527022    0.548064    0.388910    0.317833    1.000000   \n",
       "modelMag_g    0.608851    0.455416    0.372597    0.352060    0.405396   \n",
       "modelMag_r    0.473778    0.199617    0.280463    0.231071    0.278893   \n",
       "modelMag_i    0.634342    0.510208    0.459169    0.310316    0.434335   \n",
       "modelMag_z    0.680767    0.316285    0.353458    0.563085    0.447959   \n",
       "\n",
       "            modelMag_g  modelMag_r  modelMag_i  modelMag_z  \n",
       "fiberID       0.003299    0.003050    0.005851    0.004217  \n",
       "psfMag_u      0.005218    0.006855    0.006553    0.009054  \n",
       "psfMag_g      0.485867    0.637270    0.424497    0.624421  \n",
       "psfMag_r      0.550238    0.516004    0.590266    0.538881  \n",
       "psfMag_i      0.452765    0.523340    0.581413    0.640439  \n",
       "psfMag_z      0.448141    0.347738    0.658930    0.628597  \n",
       "fiberMag_u    0.014747    0.020647    0.007937    0.018597  \n",
       "fiberMag_g    0.112340    0.090383    0.099054    0.139623  \n",
       "fiberMag_r    0.411668    0.273085    0.485412    0.330141  \n",
       "fiberMag_i    0.469454    0.585379    0.432930    0.604043  \n",
       "fiberMag_z    0.070946    0.468913    0.507037    0.510494  \n",
       "petroMag_u    0.094933    0.108172    0.111249    0.139679  \n",
       "petroMag_g    0.608851    0.473778    0.634342    0.680767  \n",
       "petroMag_r    0.455416    0.199617    0.510208    0.316285  \n",
       "petroMag_i    0.372597    0.280463    0.459169    0.353458  \n",
       "petroMag_z    0.352060    0.231071    0.310316    0.563085  \n",
       "modelMag_u    0.405396    0.278893    0.434335    0.447959  \n",
       "modelMag_g    1.000000    0.360485    0.495140    0.338584  \n",
       "modelMag_r    0.360485    1.000000    0.171950    0.520798  \n",
       "modelMag_i    0.495140    0.171950    1.000000    0.439850  \n",
       "modelMag_z    0.338584    0.520798    0.439850    1.000000  \n",
       "\n",
       "[21 rows x 21 columns]"
      ]
     },
     "execution_count": 3,
     "metadata": {},
     "output_type": "execute_result"
    }
   ],
   "source": [
    "train.corr()"
   ]
  },
  {
   "cell_type": "code",
   "execution_count": 3,
   "metadata": {},
   "outputs": [],
   "source": [
    "column_number = {}\n",
    "for i, column in enumerate(sample_submission.columns):\n",
    "    column_number[column] = i\n",
    "    \n",
    "def to_number(x, dic):\n",
    "    return dic[x]\n",
    "\n",
    "train['type_num'] = train['type'].apply(lambda x: to_number(x, column_number))"
   ]
  },
  {
   "cell_type": "code",
   "execution_count": 4,
   "metadata": {},
   "outputs": [],
   "source": [
    "train_x = train.drop(columns=['type', 'type_num'], axis=1)\n",
    "train_y = train['type_num']\n",
    "test_x = test\n",
    "train_x_sc = scaler.fit_transform(train_x)\n",
    "test_x_sc = scaler.transform(test_x)"
   ]
  },
  {
   "cell_type": "code",
   "execution_count": 5,
   "metadata": {},
   "outputs": [],
   "source": [
    "from sklearn.metrics import confusion_matrix\n",
    "from sklearn.model_selection import train_test_split\n",
    "x_train, x_val, y_train, y_val = train_test_split(train_x_sc,train_y,test_size=0.2,shuffle=True)"
   ]
  },
  {
   "cell_type": "code",
   "execution_count": 6,
   "metadata": {},
   "outputs": [
    {
     "name": "stdout",
     "output_type": "stream",
     "text": [
      "[50]\tcv_agg's multi_logloss: 1.47655 + 0.00128241\n",
      "[100]\tcv_agg's multi_logloss: 1.11751 + 0.00171927\n",
      "[150]\tcv_agg's multi_logloss: 0.901346 + 0.00206766\n",
      "[200]\tcv_agg's multi_logloss: 0.759108 + 0.00239343\n",
      "[250]\tcv_agg's multi_logloss: 0.661365 + 0.00263601\n",
      "[300]\tcv_agg's multi_logloss: 0.592629 + 0.00274077\n",
      "[350]\tcv_agg's multi_logloss: 0.543388 + 0.00278972\n",
      "[400]\tcv_agg's multi_logloss: 0.507508 + 0.00282861\n",
      "[450]\tcv_agg's multi_logloss: 0.480901 + 0.00290028\n",
      "[500]\tcv_agg's multi_logloss: 0.460918 + 0.00294537\n",
      "[550]\tcv_agg's multi_logloss: 0.445674 + 0.00296496\n",
      "[600]\tcv_agg's multi_logloss: 0.43383 + 0.00295939\n",
      "[650]\tcv_agg's multi_logloss: 0.424445 + 0.00296479\n",
      "[700]\tcv_agg's multi_logloss: 0.416983 + 0.00297618\n",
      "[750]\tcv_agg's multi_logloss: 0.410991 + 0.00298272\n",
      "[800]\tcv_agg's multi_logloss: 0.406122 + 0.00300355\n",
      "[850]\tcv_agg's multi_logloss: 0.402139 + 0.00297118\n",
      "[900]\tcv_agg's multi_logloss: 0.398759 + 0.00299407\n",
      "[950]\tcv_agg's multi_logloss: 0.395939 + 0.00298221\n",
      "[1000]\tcv_agg's multi_logloss: 0.393585 + 0.0030112\n"
     ]
    }
   ],
   "source": [
    "import lightgbm as lgb\n",
    "train_set = lgb.Dataset(x_train, y_train, silent=False)\n",
    "valid_set = lgb.Dataset(x_val, y_val, silent=False)\n",
    "\n",
    "lgb_param = {'boosting_type':'gbdt',\n",
    "             'num_leaves': 30,\n",
    "             'max_depth': -1,\n",
    "            'learning_rate': 0.0075, \n",
    "            'bagging_fraction' : 1,\n",
    "            'max_bin' : 5000 ,\n",
    "            'bagging_freq': 20,\n",
    "            'colsample_bytree': 0.6,\n",
    "             'objective': 'multiclass', \n",
    "            'num_class': len(set(y_train)) + 1,\n",
    "             'metric': 'multi_logloss',\n",
    "             'min_split_gain': 0.5,\n",
    "            'min_child_weight': 1,\n",
    "            'min_child_samples': 10,\n",
    "            'scale_pos_weight':1,\n",
    "            'zero_as_missing': True,\n",
    "            }\n",
    "lgb_cv = lgb.cv(params = lgb_param, train_set = train_set ,\n",
    "                      num_boost_round=1000, early_stopping_rounds=50,\n",
    "                      verbose_eval=50, nfold=5,seed=0) "
   ]
  },
  {
   "cell_type": "code",
   "execution_count": 17,
   "metadata": {},
   "outputs": [
    {
     "name": "stdout",
     "output_type": "stream",
     "text": [
      "\n",
      "Best num_boost_round: 1000\n",
      "Best CV score: 0.3935850083698379\n"
     ]
    },
    {
     "data": {
      "text/plain": [
